I
1100 Generated by WorldEditor 1.6.0r1

1     12 1 0 VTSH Songkhla
1302 city 
1302 country Thailand
1302 datum_lat 7.185719444
1302 datum_lon 100.608794444
1302 faa_code 
1302 iata_code SGZ
1302 icao_code VTSH
1302 region_code VT
1302 state Songkhla Province
1302 transition_alt 11000
1302 transition_level 13000
100 45.11 1 0 0.25 1 3 1 13  07.19133760  100.60313802    0    0 2 0 0 0 31  07.18174181  100.61282749    0    0 2 0 0 0
102 H3  07.18969208  100.60355786 343.00 14.85 15.56 2 0 0 0.00 1
102 H2  07.18960955  100.60326506 343.00 14.85 15.56 2 0 0 0.00 1
102 H1  07.18951711  100.60298223 343.00 14.85 15.56 2 0 0 0.00 1
110 2 0.00 0.0000 New Taxiway 7
111  07.18887942  100.60252884
111  07.18926621  100.60381881
112  07.18952603  100.60374372  07.18954424  100.60374238
112  07.18958143  100.60376683  07.18959800  100.60378263
112  07.18961008  100.60381689  07.18961364  100.60382674
112  07.18974190  100.60427517  07.18974510  100.60430419
112  07.18973999  100.60438492  07.18973734  100.60440632
111  07.18971325  100.60451008
111  07.18997195  100.60423666
112  07.18989664  100.60424051  07.18987361  100.60424051
112  07.18984697  100.60422318  07.18982317  100.60420925
111  07.18970943  100.60376105
112  07.18970943  100.60369943  07.18971606  100.60367714
111  07.18974210  100.60366822
112  07.18985618  100.60362031  07.18986094  100.60362031
113  07.18946614  100.60233953
110 1 0.35 134.8800 xxx
111  07.18625132  100.60523821
111  07.18552886  100.60595324
111  07.18599195  100.60641220
111  07.18615285  100.60645381
111  07.18702752  100.60545585
111  07.18676015  100.60512097
113  07.18646255  100.60544886
110 1 0.35 134.8800 xxx
111  07.18625132  100.60523821
111  07.18552886  100.60595324
111  07.18599195  100.60641220
111  07.18615285  100.60645381
111  07.18702752  100.60545585
111  07.18676015  100.60512097
113  07.18646255  100.60544886
110 1 0.35 194.8800 xxx
111  07.18852916  100.60572638
112  07.18838547  100.60572698  07.18827057  100.60570166
112  07.18691231  100.60515124  07.18679346  100.60515523
111  07.18676143  100.60512558
111  07.18696889  100.60548779
112  07.18710371  100.60542886  07.18719746  100.60540091
113  07.18833099  100.60589516
110 2 0.35 224.8800 xxx
111  07.18569325  100.60862822
112  07.18552256  100.60860443  07.18540702  100.60858502
111  07.18461813  100.60797215
111  07.18456468  100.60805400
112  07.18541013  100.60865235  07.18543214  100.60872722
113  07.18543348  100.60887718
110 1 0.35 224.8800 xxx
111  07.18683455  100.60745619
112  07.18656499  100.60751285  07.18643379  100.60747260
111  07.18614368  100.60641222
111  07.18588375  100.60629242
111  07.18628765  100.60731457
112  07.18632574  100.60771195  07.18632574  100.60784419
113  07.18623248  100.60808209
110 2 0.35 44.8800 xxx
111  07.18348392  100.60719858
111  07.18457326  100.60806171
111  07.18485904  100.60770409
113  07.18371300  100.60693223
110 2 0.00 0.0000 New Taxiway 1
112  07.18658227  100.60600807  07.18661359  100.60601457
112  07.18730363  100.60683930  07.18734641  100.60702616
111  07.18735161  100.60700354
112  07.18767917  100.60660931  07.18760690  100.60661688
112  07.18739870  100.60662369  07.18723708  100.60658057
111  07.18739870  100.60662369
112  07.18739870  100.60662369  07.18731993  100.60656088
112  07.18723278  100.60647273  07.18719072  100.60642711
111  07.18723278  100.60647273
112  07.18723278  100.60647273  07.18721364  100.60645021
112  07.18708493  100.60630326  07.18701820  100.60622811
111  07.18708493  100.60630326
112  07.18708493  100.60630326  07.18691766  100.60611489
112  07.18671680  100.60590078  07.18670533  100.60588150
111  07.18671680  100.60590078
112  07.18671680  100.60590078  07.18669617  100.60586612
111  07.18669752  100.60581212
113  07.18651383  100.60602889
110 4 0.00 0.0000 New Taxiway 11
111  07.18277076  100.61428176
112  07.18360901  100.61371210  07.18366650  100.61364078
112  07.18370141  100.61352906  07.18371468  100.61345115
112  07.18369801  100.61330883  07.18368584  100.61323241
112  07.18358312  100.61313315  07.18353890  100.61308301
112  07.18338284  100.61299860  07.18332978  100.61297297
112  07.18311577  100.61303677  07.18302688  100.61306485
111  07.18288184  100.61318968
111  07.18263607  100.61338339
112  07.18235614  100.61358838  07.18228004  100.61368423
112  07.18226900  100.61378666  07.18224767  100.61391283
112  07.18226504  100.61396767  07.18227831  100.61407063
112  07.18232181  100.61414864  07.18234967  100.61418876
112  07.18249350  100.61426973  07.18252666  100.61428443
114  07.18263078  100.61430172  07.18267721  100.61430707
112  07.18272854  100.61422024  07.18266221  100.61424587
112  07.18254315  100.61421545  07.18250003  100.61419762
112  07.18239877  100.61410558  07.18234128  100.61402981
112  07.18234781  100.61393644  07.18234781  100.61387482
112  07.18235488  100.61373743  07.18237036  100.61364952
112  07.18246065  100.61360995  07.18250045  100.61358075
112  07.18317824  100.61308658  07.18325253  100.61306252
112  07.18331800  100.61308470  07.18334807  100.61309115
112  07.18347963  100.61315178  07.18352313  100.61318402
112  07.18356044  100.61322844  07.18359243  100.61326971
112  07.18362699  100.61336739  07.18363978  100.61343179
112  07.18362793  100.61353029  07.18361933  100.61356899
114  07.18357088  100.61363185  07.18354785  100.61365378
110 2 0.00 0.0000 New Taxiway 13
112  07.18394799  100.60748908  07.18392488  100.60756228
111  07.18366409  100.60797820
111  07.18395459  100.60818449
113  07.18423519  100.60776858
130 Airport Boundary 1
111  07.19161348  100.60200071
111  07.18838478  100.60209051
111  07.18311070  100.60722506
111  07.17910843  100.61419081
111  07.18024599  100.61594449
111  07.18440116  100.61371989
113  07.19313518  100.60415762
21  07.18270793  100.61134341 2 314.8800 3.00 31  PAPI-4L
14  07.18429541  100.60838635  16.40 0 ATC Tower
1300  07.18651612  100.60557432  45.62 tie_down jets|turboprops|props Platform 2
1301 C general_aviation 
1300  07.18677995  100.60531734  79.29 tie_down jets|turboprops|props Platform 1
1301 C general_aviation 
15  07.18604723  100.60608556  10.00 Platform 3
1300  07.18413684  100.60748116  36.61 tie_down jets|turboprops|props Platform 4
1301 B general_aviation 
18  07.18582895  100.60594621 1 BCN
19  07.19185300  100.60382100 1 WS
19  07.18114700  100.61233500 1 WS
54 12620 TWR
1200 
1201  07.19131850  100.60310990 both 0 N_stop
1201  07.18174181  100.61282749 both 1 N_start
1201  07.18570215  100.60881420 both 2 unnamed entity(split)
1201  07.18658676  100.60791794 both 3 unnamed entity(split)
1201  07.18756958  100.60692554 both 4 unnamed entity(split)
1201  07.18859253  100.60589458 both 5 unnamed entity(split)
1201  07.18792177  100.60563234 both 6 N_stop
1201  07.18707229  100.60531889 both 7 N_stop
1201  07.18603884  100.60644409 both 8 N_stop
1201  07.18623140  100.60623229 both 9 unnamed entity(split)
1201  07.18656999  100.60585935 both 10 unnamed entity(split)
1201  07.18668990  100.60572973 both 11 unnamed entity(split)
1201  07.18693061  100.60547171 both 12 unnamed entity(split)
1201  07.18634034  100.60724301 both 13 N_stop
1201  07.18531749  100.60852745 both 14 N_stop
1201  07.18458296  100.60800405 both 15 N_stop
1201  07.18651612  100.60557432 both 16 Platform 2
1201  07.18677995  100.60531734 both 17 Platform 1
1201  07.18604723  100.60608556 both 18 Platform 3
1201  07.18413684  100.60748116 both 19 Platform 4
1201  07.18707507  100.60640648 both 20 N_stop
1202 1 2 twoway runway 13/31
1204 departure 13,31
1204 arrival 13,31
1204 ils 13,31
1202 2 3 twoway runway 13/31
1204 departure 13,31
1204 arrival 13,31
1204 ils 13,31
1202 3 4 twoway runway 13/31
1204 departure 13,31
1204 arrival 13,31
1204 ils 13,31
1202 4 5 twoway runway 13/31
1204 departure 13,31
1204 arrival 13,31
1204 ils 13,31
1202 5 0 twoway runway 13/31
1204 departure 13,31
1204 arrival 13,31
1204 ils 13,31
1202 6 5 twoway taxiway_C N
1204 departure 13,31
1204 arrival 13,31
1202 7 6 twoway taxiway_C N
1202 8 9 twoway taxiway_C N
1202 9 10 twoway taxiway_C N
1202 10 11 twoway taxiway_C N
1202 11 12 twoway taxiway_C N
1202 12 7 twoway taxiway_C N
1202 13 8 twoway taxiway_C N
1202 3 13 twoway taxiway_C N
1204 departure 13,31
1204 arrival 13,31
1202 14 2 twoway taxiway_B N
1204 departure 13,31
1204 arrival 13,31
1202 15 14 twoway taxiway_B N
1202 19 15 twoway taxiway_B N
1202 18 9 twoway taxiway_C N
1202 16 11 twoway taxiway_C N
1202 17 12 twoway taxiway_C N
1202 20 10 twoway taxiway_C N
1202 4 20 twoway taxiway_B N
1204 departure 13,31
1204 arrival 13,31
99
