I
1100 Generated by WorldEditor 1.6.0r1

1     90 1 0 VTSY Yala
100 46.02 2 0 0.25 0 0 0 16  06.53250403  101.24150177    0    0 2 0 0 0 34  06.52416797  101.24486420    0    0 2 0 0 0
110 2 0.00 158.2000 ramp
111  06.53062771  101.24246581
112  06.53080962  101.24257859  06.53083170  101.24263022
112  06.53109298  101.24326544  06.53111192  101.24331380
111  06.53107971  101.24335202
111  06.53103719  101.24337464
111  06.53126439  101.24394267
111  06.53232809  101.24350005
111  06.53211173  101.24293930
111  06.53202360  101.24296912
112  06.53194160  101.24291235  06.53191933  101.24285561
112  06.53168304  101.24224051  06.53165911  101.24217345
111  06.53168899  101.24203155
111  06.53132302  101.24217958
112  06.53148907  101.24231800  06.53151475  101.24237995
112  06.53175495  101.24298907  06.53177380  101.24304069
111  06.53172271  101.24309432
111  06.53132839  101.24325366
112  06.53124142  101.24320841  06.53122118  101.24315856
112  06.53095951  101.24251846  06.53093549  101.24245819
113  06.53098783  101.24231679
130 Airport Boundary
111  06.52355942  101.24460181
111  06.52387364  101.24542408
111  06.53069203  101.24268844
111  06.53122619  101.24412742
111  06.53281296  101.24341584
111  06.53246733  101.24205593
111  06.53323715  101.24170804
113  06.53300149  101.24071183
14  06.53094235  101.24379835  19.69 0 Viewpoint
1300  06.53169823  101.24353646  69.58 tie_down props Start B
1301 C general_aviation 
1300  06.53134049  101.24371650  68.73 tie_down props Start C
1301 C cargo 
15  06.53201516  101.24344296  70.99 Start A
19  06.53129155  101.24249832 0 Windsock
1200 
1201  06.53158085  101.24223109 both 0 N_stop
1201  06.53191773  101.24312152 both 1 N_stop
1201  06.53123052  101.24340225 both 2 N_stop
1201  06.53159741  101.24325110 both 3 unnamed entity(split)
1201  06.53086841  101.24250938 both 4 N_stop
1201  06.52421684  101.24484250 both 5 N_stop
1201  06.53244281  101.24152363 both 6 N_start
1201  06.53144761  101.24192452 both 7 unnamed entity(split)
1201  06.53072716  101.24221625 both 8 unnamed entity(split)
1201  06.53169823  101.24353646 both 9 Start B
1201  06.53134049  101.24371650 both 10 Start C
1201  06.53201516  101.24344296 both 11 Start A
1202 1 11 twoway taxiway_C N
1202 3 9 twoway taxiway_C N
1202 2 10 twoway taxiway_C N
1202 0 7 twoway taxiway_C N
1204 departure 16,34
1204 arrival 16,34
1202 1 0 twoway taxiway_C N
1202 2 3 twoway taxiway_C N
1202 3 1 twoway taxiway_C N
1202 4 2 twoway taxiway_C N
1202 8 4 twoway taxiway_C N
1204 departure 16,34
1204 arrival 16,34
1202 6 7 twoway runway 16/34
1204 departure 16,34
1204 arrival 16,34
1204 ils 16,34
1202 7 8 twoway runway 16/34
1204 departure 16,34
1204 arrival 16,34
1204 ils 16,34
1202 8 5 twoway runway 16/34
1204 departure 16,34
1204 arrival 16,34
1204 ils 16,34
99
